0	-0.00046967	0														0.00046967
6.01E-06	-0.000469622	0														0.000469622
1.20E-05	-0.000469477	0														0.000469477
1.80E-05	-0.000469236	0														0.000469236
2.40E-05	-0.000468899	0														0.000468899
3.00E-05	-0.000468466	0														0.000468466
3.60E-05	-0.000467937	0														0.000467937
4.20E-05	-0.000467312	0														0.000467312
4.80E-05	-0.000466591	0														0.000466591
5.39E-05	-0.000465775	0														0.000465775
5.98E-05	-0.000464863	0														0.000464863
6.58E-05	-0.000463856	0														0.000463856
7.17E-05	-0.000462755	0														0.000462755
7.76E-05	-0.000461558	0														0.000461558
8.34E-05	-0.000460268	0														0.000460268
8.93E-05	-0.000458883	0														0.000458883
9.51E-05	-0.000457405	0														0.000457405
0.000100922	-0.000455834	0														0.000455834
0.000106698	-0.00045417	0														0.00045417
0.000112446	-0.000452414	0														0.000452414
0.000118166	-0.000450566	0														0.000450566
0.000123855	-0.000448626	0														0.000448626
0.000129512	-0.000446596	0														0.000446596
0.000135136	-0.000444475	0														0.000444475
0.000140725	-0.000442264	0														0.000442264
0.000146278	-0.000439964	0														0.000439964
0.000151794	-0.000437575	0														0.000437575
0.00015727	-0.000435098	0														0.000435098
0.000162706	-0.000432533	0														0.000432533
0.000168101	-0.000429882	0														0.000429882
0.000173452	-0.000427145	0														0.000427145
0.000178758	-0.000424322	0														0.000424322
0.000184019	-0.000421414	0														0.000421414
0.000189232	-0.000418423	0														0.000418423
0.000194397	-0.000415348	0														0.000415348
0.000199512	-0.000412191	0														0.000412191
0.000204576	-0.000408953	0														0.000408953
0.000209587	-0.000405634	0														0.000405634
0.000214544	-0.000402235	0														0.000402235
0.000219446	-0.000398756	0														0.000398756
0.000224291	-0.0003952	0														0.0003952
0.000229079	-0.000391567	0														0.000391567
0.000233809	-0.000387857	0														0.000387857
0.000238478	-0.000384072	0														0.000384072
0.000243086	-0.000380212	0														0.000380212
0.000247631	-0.000376279	0														0.000376279
0.000252113	-0.000372274	0														0.000372274
0.00025653	-0.000368198	0														0.000368198
0.000260881	-0.000364051	0														0.000364051
0.000265165	-0.000359835	0														0.000359835
0.000269449	-0.000355619	0														0.000355619
0.0002738	-0.000351472	0														0.000351472
0.000278217	-0.000347396	0														0.000347396
0.000282699	-0.000343391	0														0.000343391
0.000287244	-0.000339458	0														0.000339458
0.000291852	-0.000335598	0														0.000335598
0.000296521	-0.000331813	0														0.000331813
0.000301251	-0.000328103	0														0.000328103
0.000306039	-0.00032447	0														0.00032447
0.000310884	-0.000320914	0														0.000320914
0.000315786	-0.000317435	0														0.000317435
0.000320743	-0.000314036	0														0.000314036
0.000325754	-0.000310717	0														0.000310717
0.000330818	-0.000307478	0														0.000307478
0.000335933	-0.000304321	0														0.000304321
0.000341098	-0.000301247	0														0.000301247
0.000346311	-0.000298255	0														0.000298255
0.000351572	-0.000295348	0														0.000295348
0.000356878	-0.000292525	0														0.000292525
0.000362229	-0.000289788	0														0.000289788
0.000367624	-0.000287137	0														0.000287137
0.00037306	-0.000284572	0														0.000284572
0.000378536	-0.000282095	0														0.000282095
0.000384052	-0.000279706	0														0.000279706
0.000389605	-0.000277406	0														0.000277406
0.000395194	-0.000275195	0														0.000275195
0.000400818	-0.000273074	0														0.000273074
0.000406475	-0.000271044	0														0.000271044
0.000412165	-0.000269104	0														0.000269104
0.000417884	-0.000267256	0														0.000267256
0.000423632	-0.0002655	0														0.0002655
0.000429408	-0.000263836	0														0.000263836
0.00043521	-0.000262264	0														0.000262264
0.000441036	-0.000260786	0														0.000260786
0.000446885	-0.000259402	0														0.000259402
0.000452755	-0.000258112	0														0.000258112
0.000458646	-0.000256915	0														0.000256915
0.000464554	-0.000255814	0														0.000255814
0.00047048	-0.000254807	0														0.000254807
0.000476421	-0.000253895	0														0.000253895
0.000482376	-0.000253079	0														0.000253079
0.000488343	-0.000252358	0														0.000252358
0.000494321	-0.000251733	0														0.000251733
0.000500309	-0.000251204	0														0.000251204
0.000506304	-0.00025077	0														0.00025077
0.000512305	-0.000250433	0														0.000250433
0.000518311	-0.000250193	0														0.000250193
0.00052432	-0.000250048	0														0.000250048
0.00053033	-0.00025	0														0.00025
0.000531078	-0.000250003	0														0.000250003
0.000531827	-0.000250012	0														0.000250012
0.000532575	-0.000250026	0														0.000250026
0.000533323	-0.000250047	0														0.000250047
0.000534071	-0.000250073	0														0.000250073
0.000534819	-0.000250106	0														0.000250106
0.000535566	-0.000250144	0														0.000250144
0.000536313	-0.000250188	0														0.000250188
0.00053706	-0.000250237	0														0.000250237
0.000537806	-0.000250293	0														0.000250293
0.000538552	-0.000250355	0														0.000250355
0.000539297	-0.000250422	0														0.000250422
0.000540042	-0.000250495	0														0.000250495
0.000540786	-0.000250574	0														0.000250574
0.00054153	-0.000250659	0														0.000250659
0.000542272	-0.00025075	0														0.00025075
0.000543015	-0.000250846	0														0.000250846
0.000543756	-0.000250948	0														0.000250948
0.000544496	-0.000251057	0														0.000251057
0.000545236	-0.00025117	0														0.00025117
0.000545975	-0.00025129	0														0.00025129
0.000546712	-0.000251416	0														0.000251416
0.000547449	-0.000251547	0														0.000251547
0.000548185	-0.000251684	0														0.000251684
0.00054892	-0.000251827	0														0.000251827
0.000549653	-0.000251975	0														0.000251975
0.000550385	-0.00025213	0														0.00025213
0.000551116	-0.00025229	0														0.00025229
0.000551846	-0.000252455	0														0.000252455
0.000552575	-0.000252627	0														0.000252627
0.000553302	-0.000252804	0														0.000252804
0.000554027	-0.000252987	0														0.000252987
0.000554751	-0.000253175	0														0.000253175
0.000555474	-0.00025337	0														0.00025337
0.000556195	-0.000253569	0														0.000253569
0.000556915	-0.000253775	0														0.000253775
0.000557633	-0.000253986	0														0.000253986
0.000558349	-0.000254203	0														0.000254203
0.000559064	-0.000254425	0														0.000254425
0.000559776	-0.000254653	0														0.000254653
0.000560487	-0.000254887	0														0.000254887
0.000561197	-0.000255126	0														0.000255126
0.000561904	-0.00025537	0														0.00025537
0.000562609	-0.000255621	0														0.000255621
0.000563312	-0.000255876	0														0.000255876
0.000564014	-0.000256137	0														0.000256137
0.000564713	-0.000256404	0														0.000256404
0.00056541	-0.000256676	0														0.000256676
0.000566105	-0.000256954	0														0.000256954
0.000598251	-0.000266773	0														0.000266773
0.000645584	-0.00027639	0														0.00027639
0.000708102	-0.000285804	0														0.000285804
0.000785807	-0.000295015	0														0.000295015
0.000878697	-0.000304025	0														0.000304025
0.000986774	-0.000312831	0														0.000312831
0.001110036	-0.000321436	0														0.000321436
0.001248484	-0.000329837	0														0.000329837
0.001402119	-0.000338037	0														0.000338037
0.001570939	-0.000346034	0														0.000346034
0.001754945	-0.000353828	0														0.000353828
0.001954138	-0.00036142	0														0.00036142
0.002168516	-0.00036881	0														0.00036881
0.00239808	-0.000375997	0														0.000375997
0.00264283	-0.000382982	0														0.000382982
0.002902767	-0.000389764	0														0.000389764
0.003177889	-0.000396344	0														0.000396344
0.003468197	-0.000402721	0														0.000402721
0.003773691	-0.000408896	0														0.000408896
0.004094371	-0.000414868	0														0.000414868
0.004430238	-0.000420638	0														0.000420638
0.00478129	-0.000426206	0														0.000426206
0.005147528	-0.000431571	0														0.000431571
0.005528952	-0.000436733	0														0.000436733
0.005925562	-0.000441693	0														0.000441693
0.006337358	-0.000446451	0														0.000446451
0.00676434	-0.000451006	0														0.000451006
0.007206508	-0.000455359	0														0.000455359
0.007663862	-0.000459509	0														0.000459509
0.008136402	-0.000463457	0														0.000463457
0.008624128	-0.000467202	0														0.000467202
0.00912704	-0.000470745	0														0.000470745
0.009645138	-0.000474086	0														0.000474086
0.010178422	-0.000477224	0														0.000477224
0.010726892	-0.00048016	0														0.00048016
0.011290548	-0.000482893	0														0.000482893
0.01186939	-0.000485423	0														0.000485423
0.012463418	-0.000487752	0														0.000487752
0.013072632	-0.000489877	0														0.000489877
0.013697032	-0.000491801	0														0.000491801
0.014336618	-0.000493521	0														0.000493521
0.01499139	-0.00049504	0														0.00049504
0.015661347	-0.000496356	0														0.000496356
0.016346491	-0.000497469	0														0.000497469
0.017046821	-0.00049838	0														0.00049838
0.017762337	-0.000499089	0														0.000499089
0.018493039	-0.000499595	0														0.000499595
0.019238926	-0.000499899	0														0.000499899
0.02	-0.0005	0														0.0005
